coeff1=[-3.5448,0,0,0,0,0];
coeff1(2:6)=optx(1:5);
coeff2=[-3.5448,0,0,0,0,0];
coeff2(2:6)=optx(6:10);