coeff1r=[-3.5448,-1,-2,0,-2,-1.75];
coeff2r=[-3.5448,0,-1,-2,1,0];

coeff10=[-3.5448,-1,-2,0,-2,-1.75]+[0,.3,-.6,.3,.2,.5];
coeff20=[-3.5448,0,-1,-2,1,0]+[0,.5,-.5,.1,.3,.2];

coeff1=[-3.5448, -8.2765  ,-7.5977  , 15.4433 ,   1.0832 ,  -3.1602];
coeff2=[-3.5448   -0.3423    0.0438  -12.8393  -13.3536   -4.2035];

coeff1=[-3.5448,   -1.3435,   -2.6628,   -0.0086,   -2.3824,   -1.3765];
coeff2=[-3.5448,    0.3758,   -1.9140,   -1.9734,    0.7459,    0.2652];
%u = tdphysicalK3d(t,0.001,u0,coeff1w,coeff2w);
